840104
850023
850022
850017
850016
850010
850019
840113
840112
840107
850021
850020
840105
840110
840111
840099
840098
850008
850009
850014
850015
840106
840101
840103
850006
840109
840108
840102
850011
840096
850007
840100
840097
850018
850013
850012
840122
840117
840116
840121
840120
840115
840118
840124
840125
840119
840123
840114
840085
840086
840087
840092
840093
840095
840094
840088
850003
850004
850002
840089
850005
850000
840091
840090
840084
850001
840066
840067
840070
840071
840076
840083
840077
840082
840081
840072
840080
840079
840078
840073
840068
840069
840074
840075
830087
830089
830088
830085
830084
830086
840060
840061
840065
840064
840063
840062
830078
830079
830081
830080
830083
830082
840057
840056
840055
840054
840059
840058
810006
830073
830072
840052
840053
830074
830076
840050
840045
840044
830077
840049
840046
840042
840043
840048
810007
840047
840051
830075
830070
830071
830067
830068
830069
830066
840035
840034
840030
840041
840031
840036
840032
840033
840040
840038
840037
840039
830062
830063
830060
830061
830065
830064
840028
840029
840025
840024
840026
840027
830055
830054
830059
830058
830057
830056
840020
840019
840021
840023
840022
840018
830049
830051
830050
830048
830053
830052
840017
840014
840013
840012
840015
840016
840002
840003
840010
840008
840009
840000
840007
840006
840001
840011
840005
830046
830047
830042
810005
830044
830045
840004
810004
830043
830037
820043
820042
830036
830041
830040
820044
830038
820047
820046
820045
830039
820039
820040
820037
820036
820041
820038
830031
830034
830032
830033
830030
830035
820031
820034
820035
820033
820032
820030
820029
830023
830020
830021
830027
830022
830026
820028
830024
820025
830028
820026
820027
830018
830019
820024
830025
830029
830016
830017
810003
830012
830015
830014
830013
810002
820020
820021
820019
820018
820023
820022
820015
820014
820013
820012
820016
820017
830006
830007
830008
830009
830010
830011
820008
820011
820007
820009
820010
820006
830004
820002
820003
830001
820005
830005
820001
820000
830003
830002
830000
820004
810001
810000
800005
541211
541212
541213
541214
541215
541216
541217
541231
541232
541233
541234
541235
541236
541237
541251
541252
541253
541254
541255
541256
541257
541271
541272
541273
541274
541275
541276
541277
550101
550102
550103
550104
550105
550106
550107
550141
550142
550143
550144
550145
550146
550147
550161
550162
550163
550164
550165
550166
550167
550181
550182
550183
550184
550185
550186
550187
550201
550202
550203
550204
550205
550206
550207
642341
642342
642343
642344
642345
642346
642347
642371
642372
642373
642374
642375
642376
642377
642401
642402
642403
642404
642405
642406
642407
642431
642432
642433
642434
642435
642436
642437
650101
650102
650103
650104
650105
650106
650107
650151
650152
650153
650154
650155
650156
650157
650201
650202
650203
650204
650205
650206
650207
650231
650232
650233
650234
650235
650236
650237
650261
650262
650263
650264
650265
650266
650267
642331
642332
642333
642334
642335
642336
642337
642361
642362
642363
642364
642365
642366
642367
642391
642392
642393
642394
642395
642396
642397
642421
642422
642423
642424
642425
642426
642427
650091
650092
650093
650094
650095
650096
650097
650121
650122
650123
650124
650125
650126
650127
650191
650192
650193
650194
650195
650196
650197
650221
650222
650223
650224
650225
650226
650227
650251
650252
650253
650254
650255
650256
650257
341391
341392
341393
341394
341395
341396
341397
341421
341422
341423
341424
341425
341426
341427
341451
341452
341453
341454
341455
341456
341457
341481
341482
341483
341484
341485
341486
341487
350131
350132
350133
350134
350135
350136
350137
350161
350162
350163
350164
350165
350166
350167
350191
350192
350193
350194
350195
350196
350197
350221
350222
350223
350224
350225
350226
350227
350251
350252
350253
350254
350255
350256
350257
642351
642352
642353
642354
642355
642356
642357
642381
642382
642383
642384
642385
642386
642387
642411
642412
642413
642414
642415
642416
642417
642441
642442
642443
642444
642445
642446
642447
650111
650112
650113
650114
650115
650116
650117
650181
650182
650183
650184
650185
650186
650187
650211
650212
650213
650214
650215
650216
650217
650241
650242
650243
650244
650245
650246
650247
650271
650272
650273
650274
650275
650276
650277
541201
541202
541203
541204
541205
541206
541207
541221
541222
541223
541224
541225
541226
541227
541241
541242
541243
541244
541245
541246
541247
541261
541262
541263
541264
541265
541266
541267
550111
550112
550113
550114
550115
550116
550117
550121
550122
550123
550124
550125
550126
550127
550151
550152
550153
550154
550155
550156
550157
550171
550172
550173
550174
550175
550176
550177
550191
550192
550193
550194
550195
550196
550197
541291
541292
541293
541294
541295
541296
541297
642461
642462
642463
642464
642465
642466
642467
642451
642452
642453
642454
642455
642456
642457
341511
341512
341513
341514
341515
341516
341517
642471
642472
642473
642474
642475
642476
642477
541281
541282
541283
541284
541285
541286
541287
541031
541032
541033
541034
541035
541036
541037
541051
541052
541053
541054
541055
541056
541057
541091
541092
541093
541094
541095
541096
541097
541111
541112
541113
541114
541115
541116
541117
541151
541152
541153
541154
541155
541156
541157
541171
541172
541173
541174
541175
541176
541177
550091
550092
550093
550094
550095
550096
550097
642071
642072
642073
642074
642075
642076
642077
642101
642102
642103
642104
642105
642106
642107
642161
642162
642163
642164
642165
642166
642167
642191
642192
642193
642194
642195
642196
642197
642251
642252
642253
642254
642255
642256
642257
642281
642282
642283
642284
642285
642286
642287
650071
650072
650073
650074
650075
650076
650077
642061
642062
642063
642064
642065
642066
642067
642091
642092
642093
642094
642095
642096
642097
642151
642152
642153
642154
642155
642156
642157
642181
642182
642183
642184
642185
642186
642187
642241
642242
642243
642244
642245
642246
642247
642271
642272
642273
642274
642275
642276
642277
650061
650062
650063
650064
650065
650066
650067
341121
341122
341123
341124
341125
341126
341127
341151
341152
341153
341154
341155
341156
341157
341211
341212
341213
341214
341215
341216
341217
341241
341242
341243
341244
341245
341246
341247
341301
341302
341303
341304
341305
341306
341307
341331
341332
341333
341334
341335
341336
341337
350101
350102
350103
350104
350105
350106
350107
642081
642082
642083
642084
642085
642086
642087
642111
642112
642113
642114
642115
642116
642117
642171
642172
642173
642174
642175
642176
642177
642201
642202
642203
642204
642205
642206
642207
642261
642262
642263
642264
642265
642266
642267
642291
642292
642293
642294
642295
642296
642297
650081
650082
650083
650084
650085
650086
650087
541021
541022
541023
541024
541025
541026
541027
541041
541042
541043
541044
541045
541046
541047
541081
541082
541083
541084
541085
541086
541087
541101
541102
541103
541104
541105
541106
541107
541141
541142
541143
541144
541145
541146
541147
541161
541162
541163
541164
541165
541166
541167
550081
550082
550083
550084
550085
550086
550087
530781
530782
530783
530784
530785
530786
530787
530801
530802
530803
530804
530805
530806
530807
540851
540852
540853
540854
540855
540856
540857
540871
540872
540873
540874
540875
540876
540877
540911
540912
540913
540914
540915
540916
540917
540931
540932
540933
540934
540935
540936
540937
540971
540972
540973
540974
540975
540976
540977
540991
540992
540993
540994
540995
540996
540997
1100001
1100002
1100003
1100004
1100005
1100006
1100007
550021
550022
550023
550024
550025
550026
550027
630951
630952
630953
630954
630955
630956
630957
630981
630982
630983
630984
630985
630986
630987
641801
641802
641803
641804
641805
641806
641807
641831
641832
641833
641834
641835
641836
641837
641891
641892
641893
641894
641895
641896
641897
641921
641922
641923
641924
641925
641926
641927
641981
641982
641983
641984
641985
641986
641987
642011
642012
642013
642014
642015
642016
642017
1100031
1100032
1100033
1100034
1100035
1100036
1100037
550011
550012
550013
550014
550015
550016
550017
621391
621392
621393
621394
621395
621396
621397
630941
630942
630943
630944
630945
630946
630947
630971
630972
630973
630974
630975
630976
630977
641791
641792
641793
641794
641795
641796
641797
641821
641822
641823
641824
641825
641826
641827
641881
641882
641883
641884
641885
641886
641887
641911
641912
641913
641914
641915
641916
641917
641971
641972
641973
641974
641975
641976
641977
642001
642002
642003
642004
642005
642006
642007
660013
660023
1100021
1100022
1100023
1100024
1100025
1100026
1100027
321291
321292
321293
321294
321295
321296
321297
330811
330812
330813
330814
330815
330816
330817
330841
330842
330843
330844
330845
330846
330847
340851
340852
340853
340854
340855
340856
340857
340881
340882
340883
340884
340885
340886
340887
340911
340912
340913
340914
340915
340916
340917
340941
340942
340943
340944
340945
340946
340947
340971
340972
340973
340974
340975
340976
340977
341001
341002
341003
341004
341005
341006
341007
341031
341032
341033
341034
341035
341036
341037
341061
341062
341063
341064
341065
341066
341067
1100041
1100042
1100043
1100044
1100045
1100046
1100047
321301
321302
321303
321304
321305
321306
321307
550031
550032
550033
550034
550035
550036
550037
621401
621402
621403
621404
621405
621406
621407
630961
630962
630963
630964
630965
630966
630967
630991
630992
630993
630994
630995
630996
630997
641811
641812
641813
641814
641815
641816
641817
641841
641842
641843
641844
641845
641846
641847
641901
641902
641903
641904
641905
641906
641907
641931
641932
641933
641934
641935
641936
641937
641991
641992
641993
641994
641995
641996
641997
642021
642022
642023
642024
642025
642026
642027
1100011
1100012
1100013
1100014
1100015
1100016
1100017
521241
521242
521243
521244
521245
521246
521247
530771
530772
530773
530774
530775
530776
530777
530791
530792
530793
530794
530795
530796
530797
540841
540842
540843
540844
540845
540846
540847
540861
540862
540863
540864
540865
540866
540867
540901
540902
540903
540904
540905
540906
540907
540921
540922
540923
540924
540925
540926
540927
540961
540962
540963
540964
540965
540966
540967
540981
540982
540983
540984
540985
540986
540987
521231
521232
521233
521234
521235
521236
521237
540811
540812
540813
540814
540815
540816
540817
641721
641722
641723
641724
641725
641726
641727
621351
621352
621353
621354
621355
621356
621357
621371
621372
621373
621374
621375
621376
621377
641691
641692
641693
641694
641695
641696
641697
321251
321252
321253
321254
321255
321256
321257
321271
321272
321273
321274
321275
321276
321277
340791
340792
340793
340794
340795
340796
340797
321261
321262
321263
321264
321265
321266
321267
321281
321282
321283
321284
321285
321286
321287
621361
621362
621363
621364
621365
621366
621367
621381
621382
621383
621384
621385
621386
621387
641751
641752
641753
641754
641755
641756
641757
521221
521222
521223
521224
521225
521226
521227
540791
540792
540793
540794
540795
540796
540797
530761
530762
530763
530764
530765
530766
530767
540831
540832
540833
540834
540835
540836
540837
630921
630922
630923
630924
630925
630926
630927
641771
641772
641773
641774
641775
641776
641777
621331
621332
621333
621334
621335
621336
621337
630911
630912
630913
630914
630915
630916
630917
641761
641762
641763
641764
641765
641766
641767
321231
321232
321233
321234
321235
321236
321237
330781
330782
330783
330784
330785
330786
330787
340821
340822
340823
340824
340825
340826
340827
321241
321242
321243
321244
321245
321246
321247
621341
621342
621343
621344
621345
621346
621347
630931
630932
630933
630934
630935
630936
630937
641781
641782
641783
641784
641785
641786
641787
521211
521212
521213
521214
521215
521216
521217
530751
530752
530753
530754
530755
530756
530757
540821
540822
540823
540824
540825
540826
540827
521201
521202
521203
521204
521205
521206
521207
621291
621292
621293
621294
621295
621296
621297
621311
621312
621313
621314
621315
621316
621317
321191
321192
321193
321194
321195
321196
321197
321211
321212
321213
321214
321215
321216
321217
321201
321202
321203
321204
321205
321206
321207
321221
321222
321223
321224
321225
321226
321227
621301
621302
621303
621304
621305
621306
621307
621321
621322
621323
621324
621325
621326
621327
521191
521192
521193
521194
521195
521196
521197
530741
530742
530743
530744
530745
530746
530747
630891
630892
630893
630894
630895
630896
630897
621271
621272
621273
621274
621275
621276
621277
630881
630882
630883
630884
630885
630886
630887
321171
321172
321173
321174
321175
321176
321177
330751
330752
330753
330754
330755
330756
330757
321181
321182
321183
321184
321185
321186
321187
621281
621282
621283
621284
621285
621286
621287
630901
630902
630903
630904
630905
630906
630907
521181
521182
521183
521184
521185
521186
521187
530731
530732
530733
530734
530735
530736
530737
521171
521172
521173
521174
521175
521176
521177
530721
530722
530723
530724
530725
530726
530727
540761
540762
540763
540764
540765
540766
540767
540771
540772
540773
540774
540775
540776
540777
610051
610052
610053
610054
610055
610056
610057
630861
630862
630863
630864
630865
630866
630867
641641
641642
641643
641644
641645
641646
641647
641671
641672
641673
641674
641675
641676
641677
510121
510122
510123
510124
510125
510126
510127
621231
621232
621233
621234
621235
621236
621237
621251
621252
621253
621254
621255
621256
621257
630851
630852
630853
630854
630855
630856
630857
641631
641632
641633
641634
641635
641636
641637
641661
641662
641663
641664
641665
641666
641667
310121
310122
310123
310124
310125
310126
310127
321131
321132
321133
321134
321135
321136
321137
321151
321152
321153
321154
321155
321156
321157
330721
330722
330723
330724
330725
330726
330727
340731
340732
340733
340734
340735
340736
340737
340761
340762
340763
340764
340765
340766
340767
321141
321142
321143
321144
321145
321146
321147
321161
321162
321163
321164
321165
321166
321167
621241
621242
621243
621244
621245
621246
621247
621261
621262
621263
621264
621265
621266
621267
630871
630872
630873
630874
630875
630876
630877
641651
641652
641653
641654
641655
641656
641657
641681
641682
641683
641684
641685
641686
641687
521161
521162
521163
521164
521165
521166
521167
530711
530712
530713
530714
530715
530716
530717
540751
540752
540753
540754
540755
540756
540757
540781
540782
540783
540784
540785
540786
540787
530701
530702
530703
530704
530705
530706
530707
630831
630832
630833
630834
630835
630836
630837
621211
621212
621213
621214
621215
621216
621217
630821
630822
630823
630824
630825
630826
630827
321111
321112
321113
321114
321115
321116
321117
330691
330692
330693
330694
330695
330696
330697
321121
321122
321123
321124
321125
321126
321127
621221
621222
621223
621224
621225
621226
621227
630841
630842
630843
630844
630845
630846
630847
521151
521152
521153
521154
521155
521156
521157
530691
530692
530693
530694
530695
530696
530697
521141
521142
521143
521144
521145
521146
521147
621191
621192
621193
621194
621195
621196
621197
321071
321072
321073
321074
321075
321076
321077
321091
321092
321093
321094
321095
321096
321097
321081
321082
321083
321084
321085
321086
321087
321101
321102
321103
321104
321105
321106
321107
621201
621202
621203
621204
621205
621206
621207
521131
521132
521133
521134
521135
521136
521137
530681
530682
530683
530684
530685
530686
530687
630801
630802
630803
630804
630805
630806
630807
621151
621152
621153
621154
621155
621156
621157
621171
621172
621173
621174
621175
621176
621177
630791
630792
630793
630794
630795
630796
630797
321051
321052
321053
321054
321055
321056
321057
330661
330662
330663
330664
330665
330666
330667
321061
321062
321063
321064
321065
321066
321067
621161
621162
621163
621164
621165
621166
621167
621181
621182
621183
621184
621185
621186
621187
630811
630812
630813
630814
630815
630816
630817
521121
521122
521123
521124
521125
521126
521127
530671
530672
530673
530674
530675
530676
530677
521111
521112
521113
521114
521115
521116
521117
540741
540742
540743
540744
540745
540746
540747
910241
910242
910243
910244
910245
910246
910247
641611
641612
641613
641614
641615
641616
641617
910111
910112
910113
910114
910115
910116
910117
910151
910152
910153
910154
910155
910156
910157
910211
910212
910213
910214
910215
910216
910217
620111
620112
620113
620114
620115
620116
620117
621111
621112
621113
621114
621115
621116
621117
621131
621132
621133
621134
621135
621136
621137
641601
641602
641603
641604
641605
641606
641607
900019
910101
910102
910103
910104
910105
910106
910107
910141
910142
910143
910144
910145
910146
910147
910201
910202
910203
910204
910205
910206
910207
321011
321012
321013
321014
321015
321016
321017
321031
321032
321033
321034
321035
321036
321037
340701
340702
340703
340704
340705
340706
340707
910261
910262
910263
910264
910265
910266
910267
321021
321022
321023
321024
321025
321026
321027
321041
321042
321043
321044
321045
321046
321047
620121
620122
620123
620124
620125
620126
620127
621121
621122
621123
621124
621125
621126
621127
621141
621142
621143
621144
621145
621146
621147
641621
641622
641623
641624
641625
641626
641627
910121
910122
910123
910124
910125
910126
910127
910161
910162
910163
910164
910165
910166
910167
910231
910232
910233
910234
910235
910236
910237
520381
520382
520383
520384
520385
520386
520387
521101
521102
521103
521104
521105
521106
521107
540731
540732
540733
540734
540735
540736
540737
910131
910132
910133
910134
910135
910136
910137
910171
910172
910173
910174
910175
910176
910177
910221
910222
910223
910224
910225
910226
910227
910251
910252
910253
910254
910255
910256
910257
910271
910272
910273
910274
910275
910276
910277
9900141
530661
530662
530663
530664
530665
530666
530667
540721
540722
540723
540724
540725
540726
540727
630771
630772
630773
630774
630775
630776
630777
641581
641582
641583
641584
641585
641586
641587
620091
620092
620093
620094
620095
620096
620097
621091
621092
621093
621094
621095
621096
621097
630761
630762
630763
630764
630765
630766
630767
641571
641572
641573
641574
641575
641576
641577
320991
320992
320993
320994
320995
320996
320997
330631
330632
330633
330634
330635
330636
330637
340671
340672
340673
340674
340675
340676
340677
321001
321002
321003
321004
321005
321006
321007
620101
620102
620103
620104
620105
620106
620107
621101
621102
621103
621104
621105
621106
621107
630781
630782
630783
630784
630785
630786
630787
641591
641592
641593
641594
641595
641596
641597
520371
520372
520373
520374
520375
520376
520377
521091
521092
521093
521094
521095
521096
521097
530651
530652
530653
530654
530655
530656
530657
540711
540712
540713
540714
540715
540716
540717
521081
521082
521083
521084
521085
521086
521087
620071
620072
620073
620074
620075
620076
620077
621051
621052
621053
621054
621055
621056
621057
621071
621072
621073
621074
621075
621076
621077
630031
630032
630033
630034
630035
630036
630037
320951
320952
320953
320954
320955
320956
320957
320971
320972
320973
320974
320975
320976
320977
320961
320962
320963
320964
320965
320966
320967
320981
320982
320983
320984
320985
320986
320987
620081
620082
620083
620084
620085
620086
620087
621061
621062
621063
621064
621065
621066
621067
621081
621082
621083
621084
621085
621086
621087
630041
630042
630043
630044
630045
630046
630047
520361
520362
520363
520364
520365
520366
520367
521071
521072
521073
521074
521075
521076
521077
530121
530122
530123
530124
530125
530126
530127
530641
530642
530643
530644
530645
530646
530647
540701
540702
540703
540704
540705
540706
540707
630741
630742
630743
630744
630745
630746
630747
641551
641552
641553
641554
641555
641556
641557
620051
620052
620053
620054
620055
620056
620057
621031
621032
621033
621034
621035
621036
621037
630731
630732
630733
630734
630735
630736
630737
641541
641542
641543
641544
641545
641546
641547
320931
320932
320933
320934
320935
320936
320937
330601
330602
330603
330604
330605
330606
330607
340641
340642
340643
340644
340645
340646
340647
320941
320942
320943
320944
320945
320946
320947
620061
620062
620063
620064
620065
620066
620067
621041
621042
621043
621044
621045
621046
621047
630751
630752
630753
630754
630755
630756
630757
641561
641562
641563
641564
641565
641566
641567
520351
520352
520353
520354
520355
520356
520357
521061
521062
521063
521064
521065
521066
521067
530631
530632
530633
530634
530635
530636
530637
540691
540692
540693
540694
540695
540696
540697
521051
521052
521053
521054
521055
521056
521057
530621
530622
530623
530624
530625
530626
530627
630711
630712
630713
630714
630715
630716
630717
620031
620032
620033
620034
620035
620036
620037
620991
620992
620993
620994
620995
620996
620997
621011
621012
621013
621014
621015
621016
621017
630701
630702
630703
630704
630705
630706
630707
320881
320882
320883
320884
320885
320886
320887
320901
320902
320903
320904
320905
320906
320907
330571
330572
330573
330574
330575
330576
330577
320891
320892
320893
320894
320895
320896
320897
320921
320922
320923
320924
320925
320926
320927
620041
620042
620043
620044
620045
620046
620047
621001
621002
621003
621004
621005
621006
621007
621021
621022
621023
621024
621025
621026
621027
630721
630722
630723
630724
630725
630726
630727
520341
520342
520343
520344
520345
520346
520347
521041
521042
521043
521044
521045
521046
521047
530611
530612
530613
530614
530615
530616
530617
540681
540682
540683
540684
540685
540686
540687
641521
641522
641523
641524
641525
641526
641527
910321
910322
910323
910324
910325
910326
910327
510051
510052
510053
510054
510055
510056
510057
610011
610012
610013
610014
610015
610016
610017
620011
620012
620013
620014
620015
620016
620017
620971
620972
620973
620974
620975
620976
620977
630011
630012
630013
630014
630015
630016
630017
641511
641512
641513
641514
641515
641516
641517
910311
910312
910313
910314
910315
910316
910317
320861
320862
320863
320864
320865
320866
320867
340611
340612
340613
340614
340615
340616
340617
320871
320872
320873
320874
320875
320876
320877
620021
620022
620023
620024
620025
620026
620027
620981
620982
620983
620984
620985
620986
620987
630021
630022
630023
630024
630025
630026
630027
641531
641532
641533
641534
641535
641536
641537
910331
910332
910333
910334
910335
910336
910337
520331
520332
520333
520334
520335
520336
520337
521031
521032
521033
521034
521035
521036
521037
530111
530112
530113
530114
530115
530116
530117
540671
540672
540673
540674
540675
540676
540677
910301
910302
910303
910304
910305
910306
910307
440111
440112
440113
440114
440115
440116
440117
530601
530602
530603
530604
530605
530606
530607
540611
540612
540613
540614
540615
540616
540617
630681
630682
630683
630684
630685
630686
630687
510111
510112
510113
510114
510115
510116
510117
520311
520312
520313
520314
520315
520316
520317
540581
540582
540583
540584
540585
540586
540587
610041
610042
610043
610044
610045
610046
610047
620951
620952
620953
620954
620955
620956
620957
630671
630672
630673
630674
630675
630676
630677
310111
310112
310113
310114
310115
310116
310117
320841
320842
320843
320844
320845
320846
320847
330541
330542
330543
330544
330545
330546
330547
340581
340582
340583
340584
340585
340586
340587
320851
320852
320853
320854
320855
320856
320857
520321
520322
520323
520324
520325
520326
520327
540641
540642
540643
540644
540645
540646
540647
620961
620962
620963
620964
620965
620966
620967
630691
630692
630693
630694
630695
630696
630697
420161
420162
420163
420164
420165
420166
420167
440121
440122
440123
440124
440125
440126
440127
521021
521022
521023
521024
521025
521026
521027
530591
530592
530593
530594
530595
530596
530597
520291
520292
520293
520294
520295
520296
520297
520301
520302
520303
520304
520305
520306
520307
420151
420152
420153
420154
420155
420156
420157
520271
520272
520273
520274
520275
520276
520277
521001
521002
521003
521004
521005
521006
521007
530091
530092
530093
530094
530095
530096
530097
320821
320822
320823
320824
320825
320826
320827
320831
320832
320833
320834
320835
320836
320837
520281
520282
520283
520284
520285
520286
520287
521011
521012
521013
521014
521015
521016
521017
530101
530102
530103
530104
530105
530106
530107
420141
420142
420143
420144
420145
420146
420147
420271
420272
420273
420274
420275
420276
420277
430051
430052
430053
430054
430055
430056
430057
430151
430152
430153
430154
430155
430156
430157
530571
530572
530573
530574
530575
530576
530577
520251
520252
520253
520254
520255
520256
520257
530561
530562
530563
530564
530565
530566
530567
330511
330512
330513
330514
330515
330516
330517
520261
520262
520263
520264
520265
520266
520267
530581
530582
530583
530584
530585
530586
530587
420131
420132
420133
420134
420135
420136
420137
430141
430142
430143
430144
430145
430146
430147
520231
520232
520233
520234
520235
520236
520237
520981
520982
520983
520984
520985
520986
520987
900009
320801
320802
320803
320804
320805
320806
320807
520241
520242
520243
520244
520245
520246
520247
520991
520992
520993
520994
520995
520996
520997
420121
420122
420123
420124
420125
420126
420127
420261
420262
420263
420264
420265
420266
420267
520211
520212
520213
520214
520215
520216
520217
530071
530072
530073
530074
530075
530076
530077
520221
520222
520223
520224
520225
520226
520227
530081
530082
530083
530084
530085
530086
530087
420111
420112
420113
420114
420115
420116
420117
430041
430042
430043
430044
430045
430046
430047
450011
450012
450013
450014
450015
450016
450017
430111
430112
430113
430114
430115
430116
430117
430131
430132
430133
430134
430135
430136
430137
530511
530512
530513
530514
530515
530516
530517
530541
530542
530543
530544
530545
530546
530547
520961
520962
520963
520964
520965
520966
520967
530501
530502
530503
530504
530505
530506
530507
530531
530532
530533
530534
530535
530536
530537
320781
320782
320783
320784
320785
320786
320787
330451
330452
330453
330454
330455
330456
330457
330481
330482
330483
330484
330485
330486
330487
320791
320792
320793
320794
320795
320796
320797
520971
520972
520973
520974
520975
520976
520977
530521
530522
530523
530524
530525
530526
530527
530551
530552
530553
530554
530555
530556
530557
420251
420252
420253
420254
420255
420256
420257
430101
430102
430103
430104
430105
430106
430107
430121
430122
430123
430124
430125
430126
430127
520191
520192
520193
520194
520195
520196
520197
900010
520201
520202
520203
520204
520205
520206
520207
420101
420102
420103
420104
420105
420106
420107
430091
430092
430093
430094
430095
430096
430097
530481
530482
530483
530484
530485
530486
530487
520171
520172
520173
520174
520175
520176
520177
520941
520942
520943
520944
520945
520946
520947
530051
530052
530053
530054
530055
530056
530057
530471
530472
530473
530474
530475
530476
530477
320761
320762
320763
320764
320765
320766
320767
330421
330422
330423
330424
330425
330426
330427
520181
520182
520183
520184
520185
520186
520187
520951
520952
520953
520954
520955
520956
520957
530061
530062
530063
530064
530065
530066
530067
530491
530492
530493
530494
530495
530496
530497
420091
420092
420093
420094
420095
420096
420097
420241
420242
420243
420244
420245
420246
420247
430031
430032
430033
430034
430035
430036
430037
430081
430082
430083
430084
430085
430086
430087
510041
510042
510043
510044
510045
510046
510047
410041
410042
410043
410044
410045
410046
410047
510101
510102
510103
510104
510105
510106
510107
520151
520152
520153
520154
520155
520156
520157
310101
310102
310103
310104
310105
310106
310107
520161
520162
520163
520164
520165
520166
520167
410121
410122
410123
410124
410125
410126
410127
420081
420082
420083
420084
420085
420086
420087
520131
520132
520133
520134
520135
520136
520137
520921
520922
520923
520924
520925
520926
520927
320741
320742
320743
320744
320745
320746
320747
320751
320752
320753
320754
320755
320756
320757
520141
520142
520143
520144
520145
520146
520147
520931
520932
520933
520934
520935
520936
520937
420071
420072
420073
420074
420075
420076
420077
420231
420232
420233
420234
420235
420236
420237
530031
530032
530033
530034
530035
530036
530037
530041
530042
530043
530044
530045
530046
530047
430021
430022
430023
430024
430025
430026
430027
520111
520112
520113
520114
520115
520116
520117
520121
520122
520123
520124
520125
520126
520127
420061
420062
420063
420064
420065
420066
420067
430071
430072
430073
430074
430075
430076
430077
530451
530452
530453
530454
530455
530456
530457
520901
520902
520903
520904
520905
520906
520907
530441
530442
530443
530444
530445
530446
530447
320721
320722
320723
320724
320725
320726
320727
330391
330392
330393
330394
330395
330396
330397
520911
520912
520913
520914
520915
520916
520917
530461
530462
530463
530464
530465
530466
530467
420221
420222
420223
420224
420225
420226
420227
430061
430062
430063
430064
430065
430066
430067
520091
520092
520093
520094
520095
520096
520097
530011
530012
530013
530014
530015
530016
530017
520101
520102
520103
520104
520105
520106
520107
530021
530022
530023
530024
530025
530026
530027
420051
420052
420053
420054
420055
420056
420057
430011
430012
430013
430014
430015
430016
430017
430161
430162
430163
430164
430165
430166
430167
530811
530812
530813
530814
530815
530816
530817
520881
520882
520883
520884
520885
520886
520887
320701
320702
320703
320704
320705
320706
320707
520891
520892
520893
520894
520895
520896
520897
420211
420212
420213
420214
420215
420216
420217
520071
520072
520073
520074
520075
520076
520077
520081
520082
520083
520084
520085
520086
520087
420041
420042
420043
420044
420045
420046
420047
520861
520862
520863
520864
520865
520866
520867
320681
320682
320683
320684
320685
320686
320687
320691
320692
320693
320694
320695
320696
320697
520871
520872
520873
520874
520875
520876
520877
420201
420202
420203
420204
420205
420206
420207
510031
510032
510033
510034
510035
510036
510037
410031
410032
410033
410034
410035
410036
410037
510091
510092
510093
510094
510095
510096
510097
520841
520842
520843
520844
520845
520846
520847
310091
310092
310093
310094
310095
310096
310097
320661
320662
320663
320664
320665
320666
320667
520851
520852
520853
520854
520855
520856
520857
410111
410112
410113
410114
410115
410116
410117
420191
420192
420193
420194
420195
420196
420197
520051
520052
520053
520054
520055
520056
520057
520061
520062
520063
520064
520065
520066
520067
420031
420032
420033
420034
420035
420036
420037
520821
520822
520823
520824
520825
520826
520827
321311
321312
321313
321314
321315
321316
321317
520831
520832
520833
520834
520835
520836
520837
420181
420182
420183
420184
420185
420186
420187
520031
520032
520033
520034
520035
520036
520037
520041
520042
520043
520044
520045
520046
520047
420021
420022
420023
420024
420025
420026
420027
900012
520011
520012
520013
520014
520015
520016
520017
520801
520802
520803
520804
520805
520806
520807
320641
320642
320643
320644
320645
320646
320647
520021
520022
520023
520024
520025
520026
520027
520811
520812
520813
520814
520815
520816
520817
420011
420012
420013
420014
420015
420016
420017
420171
420172
420173
420174
420175
420176
420177
560013
560023
560033
560034
560035
560036
560037
900002
900007
900011
900014
900015
900017
360013
360023
360033
360043
360053
360063
360064
900003
460013
460023
460033
460043
460053
460063
460064
900013
900016
510021
510022
510023
510024
510025
510026
510027
510081
510082
510083
510084
510085
510086
510087
310081
310082
310083
310084
310085
310086
310087
410021
410022
410023
410024
410025
410026
410027
410101
410102
410103
410104
410105
410106
410107
510013
510014
510017
310013
310014
14401
14307
12306
12402
13401
13307
12305
13306
14306
14305
13305
12304
13209
13123
13304
14304
12303
13122
12208
13208
14210
13121
13120
13303
14209
12207
12401
13119
13207
14303
14208
13118
13206
12206
13117
13116
14207
13115
14302
13205
12302
13302
13114
14206
13113
13204
13112
12205
14205
13111
13203
14204
12204
13110
13109
14301
13301
13202
13108
12301
14203
14104
12203
14103
13107
14102
12202
13201
14101
13106
14202
13105
12201
13104
14201
13103
13102
9910055
9910068
9910069
9910070
9910071
9910072
9910073
9910074
9910075
9910076
9910077
9910067
9910066
9910065
9910054
9910056
9910057
9910058
9910059
9910060
9910061
9910062
9910063
9910064
9910078
9910079
9910093
9910094
9910095
9910096
9910097
9910098
9910164
9910102
9910101
9910100
9910092
9910091
9910090
9910080
9910081
9910082
9910083
9910084
9910085
9910086
9910087
9910088
9910089
9910099
9910053
9910008
9910020
9910021
9910022
9910023
9910024
9910025
9910026
9910027
9910028
9910019
9910018
9910009
9910010
9910011
9910012
9910013
9910014
9910015
9910016
9910017
9910029
9910030
9910031
9910044
9910045
9910046
9910047
9910048
9910049
9910050
9910051
9910052
9910043
9910042
9910041
9910032
9910033
9910034
9910035
9910036
9910037
9910038
9910039
9910040
13101
10021
10024
10023
10022
10000005
10000020
10000021
10000022
10000023
10000024
10000025
10000026
10000027
10000028
10000029
10000030
10000031
10000019
10000018
10000006
10000007
10000008
10000009
10000010
10000001
10000002
10000003
10000004
10000161
9910007
9910006
9910005
9910004
9910003
9910002
9910001
9910000
9006004
9006003
9006002
9006001
9900236
9900206
9900235
9900205
9900234
9900204
9900203
9900233
9900232
9900202
9900201
9900231
9900230
9900200
51339
51087
51056
51053
51052
51051
51050
51047
51046
51045
51044
51043
51061
51062
51066
51082
51081
51079
51075
51074
51073
51072
51070
51069
51068
51067
51040
51038
51016
51013
51012
51010
51008
51007
51006
51004
51003
51002
51001
51018
51020
51021
51037
51036
51035
51034
51033
51031
51030
51029
51028
51025
51022
50996
51091
51200
51164
51161
51158
51157
51156
51155
51154
51153
51151
51150
51148
51166
51168
51170
51199
51198
51197
51196
51182
51181
51179
51177
51174
51173
51172
51146
51145
51120
51119
51118
51117
51112
51110
51109
51106
51105
51104
51097
51121
51122
51125
51144
51143
51142
51141
51138
51137
51136
51134
51130
51129
51126
51092
50871
50841
50833
50832
50830
50829
50828
50827
50826
50824
50822
50821
50845
50846
50847
50869
50866
50863
50862
50858
50857
50856
50853
50852
50851
50850
50820
50819
50788
50787
50786
50785
50784
50783
50782
50776
50775
50773
50772
50789
50792
50799
50818
50816
50815
50812
50810
50809
50807
50804
50803
50801
50800
50771
50873
50995
50972
50962
50959
50958
50955
50917
50916
50915
50914
50913
50912
50973
50975
50976
50992
50991
50990
50989
50986
50984
50983
50982
50981
50978
50977
50911
50910
50889
50888
50886
50885
50882
50881
50880
50879
50878
50876
50875
50890
50891
50892
50909
50906
50905
50904
50903
50901
50900
50899
50897
50895
50893
50874
51504
51463
51462
51461
51460
51459
51458
51457
51456
51455
51454
51453
51467
51469
51472
51503
51501
51491
51490
51484
51482
51479
51477
51476
51474
51473
51441
51440
51419
51418
51417
51415
51412
51411
51409
51407
51399
51398
51397
51420
51421
51423
51437
51436
51434
51432
51431
51430
51429
51428
51427
51425
51424
51396
900204
51650
51649
51648
51647
51646
51645
51644
51643
51642
51641
51640
51651
51652
51653
900203
900202
900201
440105
440103
440102
440101
70005
70004
70003
70002
51638
51637
51621
51589
51588
51587
51586
51515
51514
51513
51511
51510
51507
51622
51623
51624
51636
51635
51634
51633
51632
51631
51630
51629
51627
51626
51625
51505
51393
51293
51275
51274
51273
51272
51271
51269
51265
51261
51260
51259
51258
51276
51277
51278
51291
51290
51289
51288
51287
51286
51285
51284
51281
51280
51279
51256
51255
51236
51235
51233
51232
51231
51227
51222
51220
51219
51218
51217
51237
51238
51239
51254
51253
51252
51251
51250
51247
51245
51243
51242
51241
51240
51211
51392
51370
51369
51368
51367
51357
51356
51352
51350
51349
51348
51347
51371
51375
51376
51391
51390
51389
51388
51386
51385
51384
51382
51380
51379
51377
51345
51344
51311
51309
51306
51305
51304
51303
51302
51298
51297
51296
51295
51312
51313
51314
51343
51342
51341
51331
51330
51328
51327
51325
51323
51316
51315
51294
50770
50293
50259
50258
50257
50256
50255
50254
50253
50252
50251
50245
50244
50268
50269
50271
50292
50290
50287
50286
50285
50283
50281
50278
50275
50273
50272
50240
50239
50217
50215
50214
50213
50212
50206
50205
50204
50203
50200
50199
50218
50219
50220
50238
50237
50236
50235
50234
50231
50230
50224
50223
50222
50221
50196
50396
50365
50364
50362
50361
50360
50359
50352
50351
50350
50349
50348
50369
50370
50372
50395
50392
50390
50389
50388
50385
50381
50380
50377
50375
50373
50346
50344
50313
50311
50310
50309
50308
50307
50306
50302
50299
50298
50295
50314
50319
50321
50343
50341
50337
50336
50335
50333
50332
50329
50328
50326
50322
50294
50194
50087
50058
50057
50056
50055
50054
50053
50052
50051
50050
50048
50047
50060
50061
50062
50081
50078
50077
50076
50075
50074
50069
50067
50066
50065
50063
50046
50044
50019
50018
50015
50013
50012
50011
50008
50007
50004
50003
50002
50021
50022
50023
50043
50042
50040
50038
50036
50034
50033
50032
50031
50027
50024
50001
50192
50155
50153
50152
50151
50149
50148
50147
50146
50145
50144
50143
50160
50165
50172
50191
50190
50188
50186
50184
50183
50180
50177
50175
50174
50173
50141
50133
50101
50100
50099
50098
50097
50096
50095
50094
50091
50090
50089
50104
50105
50106
50132
50131
50128
50126
50124
50123
50122
50117
50113
50111
50109
50088
50397
50679
50655
50653
50652
50650
50648
50647
50646
50645
50644
50643
50642
50656
50657
50659
50678
50677
50674
50672
50671
50670
50667
50666
50665
50664
50662
50641
50640
50613
50612
50611
50610
50609
50605
50604
50602
50600
50599
50596
50614
50615
50616
50639
50631
50630
50627
50626
50625
50624
50623
50622
50619
50618
50595
50767
50746
50745
50744
50743
50742
50740
50739
50738
50737
50736
50735
50747
50751
50752
50766
50765
50764
50763
50762
50761
50759
50758
50756
50754
50753
50734
50733
50704
50703
50702
50700
50699
50694
50693
50692
50691
50684
50683
50707
50708
50709
50732
50731
50728
50727
50722
50721
50720
50716
50715
50713
50710
50680
50594
50487
50465
50463
50462
50460
50459
50458
50456
50454
50453
50452
50450
50466
50467
50468
50486
50485
50484
50483
50482
50481
50479
50478
50477
50476
50474
50449
50446
50428
50426
50423
50421
50420
50412
50410
50409
50407
50406
50400
50429
50430
50431
50444
50443
50442
50440
50439
50438
50436
50435
50434
50433
50432
50399
50592
50556
50555
50554
50552
50551
50550
50549
50548
50545
50544
50543
50560
50561
50563
50591
50590
50589
50587
50584
50583
50580
50579
50576
50573
50571
50542
50541
50508
50502
50500
50499
50498
50497
50496
50493
50492
50491
50490
50509
50511
50512
50540
50539
50537
50531
50530
50528
50525
50523
50516
50515
50513
50488
51512
51077
51076
51065
51064
51049
51048
51042
51039
51032
51027
51005
51000
50994
50980
50907
50898
51095
51098
51480
51475
51452
51422
51383
51378
51374
51362
51361
51360
51301
51292
51216
51176
51163
51116
50887
50867
50864
50461
50448
50297
50279
50277
50228
50225
50198
50185
50120
50092
50073
50072
50071
50068
50049
50510
50519
50855
50837
50813
50805
50802
50798
50795
50750
50749
50687
50686
50654
50586
50557
50529
50526
50016
440104
51495
51266
51267
51492
51493
51268
51270
51496
51497
51498
51282
51494
51338
51152
51162
51165
51140
51135
51133
51113
51114
51115
51123
51124
51127
51080
51128
51131
51132
51167
51169
51171
51223
51215
51214
51213
51208
51207
51209
51206
51205
51204
51203
51202
51194
51193
51180
51178
51175
51224
51111
50868
50979
50985
50987
50988
50993
50997
50998
51009
50974
50971
50970
50870
50872
50877
50894
50896
50902
50865
50963
51011
51017
51019
51089
51090
51093
51094
51096
51102
51103
51107
51088
51086
51085
51024
51026
51041
51054
51063
51078
51083
51084
51108
51244
51433
51438
51439
51448
51449
51450
51451
51464
51426
51414
51381
51387
51394
51395
51406
51408
51410
51413
51465
51466
51489
51502
51506
51508
51509
51585
51590
51591
51488
51487
51468
51470
51471
51478
51481
51483
51485
51486
51373
51372
51366
51263
51264
51283
51299
51300
51307
51308
51310
51262
51249
51226
51228
51229
51230
51234
51321
51246
51248
51317
51318
51351
51353
51355
51358
51359
51363
51364
51365
51346
51337
51319
51320
51322
51324
51326
51329
51332
51336
51225
50861
50182
50241
50243
50246
50247
50266
50270
50276
50280
50282
50233
50232
50187
50189
50193
50202
50207
50210
50211
50227
50229
50288
50291
50345
50363
50366
50367
50371
50374
50378
50382
50383
50342
50338
50296
50301
50312
50316
50317
50318
50323
50327
50331
50384
50010
50093
50102
50103
50107
50108
50110
50112
50114
50115
50070
50059
50014
50017
50028
50030
50035
50037
50039
50041
50045
50116
50118
50162
50163
50164
50166
50170
50171
50176
50178
50179
50161
50159
50119
50121
50125
50138
50139
50140
50150
50154
50158
50181
50634
50689
50690
50701
50705
50706
50712
50714
50719
50724
50685
50676
50635
50636
50637
50638
50649
50651
50660
50661
50668
50725
50726
50791
50793
50794
50811
50817
50831
50834
50840
50843
50790
50778
50741
50748
50755
50757
50760
50768
50769
50774
50777
50849
50386
50447
50451
50455
50457
50464
50469
50480
50489
50495
50445
50425
50387
50391
50393
50398
50405
50411
50413
50418
50424
50501
50514
50601
50603
50607
50608
50617
50620
50628
50629
50632
50598
50597
50518
50521
50522
50538
50547
50553
50570
50578
50593
50633
225012
224060
224061
224062
225010
225011
224059
224058
225009
224057
224054
223109
224056
224055
222195
222193
222194
225008
223108
222192
224053
222191
223107
222190
222189
222188
225007
224052
223106
222187
221012
222186
223105
222185
222184
224051
223104
222183
910009
222182
222181
910239
910008
910002
910003
910209
224050
222180
223103
223102
222179
222178
224049
222177
222175
222176
223101
222174
221011
222173
223100
224048
224047
222172
223099
222171
222170
223098
223097
222169
221010
222168
223096
222167
223095
222166
222165
221009
222164
910282
9900226
9900225
9900224
9900223
9900222
9900221
9900220
1012851
1122052
1012591
1012581
1122053
1012573
1012572
1012571
1012551
1012521
1012514
1012513
1012512
1012502
1012501
1122051
1012611
1012871
1012891
1012911
7722140
1012741
1122011
1012691
1122012
1012671
1012661
1122019
1012631
1012621
1012612
4422190
1012492
7732130
4422039
1122260
4422050
7732110
2400240
7722030
4422210
2200210
4422220
4422020
1012491
1012451
1122013
1012452
1122210
2200310
7722180
1122190
2200320
7722320
1122170
2400170
2400180
7732140
1122240
7732010
1132060
2200160
1122160
7722200
2200330
1122140
7722280
1122180
5200360
1013071
5400200
2400100
5400210
1013061
5200380
2200140
4432250
4432260
1122270
7722190
1013081
5200370
1013051
7732160
7722191
5400201
1122181
4432261
2200141
1013041
7732161
1013059
1013069
1013079
5200381
1013089
5200350
5200371
2200200
1122200
4432251
7722330
2400101
5200361
1122271
5400211
4432240
1013021
2200260
1013031
2400150
4432070
1122130
1132010
5200340
1012811
5300130
7722300
4432230
7732100
5400190
2200201
5200351
1122201
7722331
4432241
1013049
1122150
4422160
2200280
1013011
7722170
5200330
1132011
5200341
7722301
4432231
1122131
2200261
7732101
5400191
1013029
5300131
4432071
2400151
1012819
4422200
7722210
2200340
5200320
1011811
1012711
2400130
5400180
1122151
7732080
2200281
1012791
1013019
1012981
5200331
7722171
4422161
4432160
7722130
1012961
1011651
7722020
4432130
5200300
2200350
5200310
2200341
7722211
1011812
4422201
5200321
1012719
1011791
4432161
2400131
4432220
2200240
4422180
7722150
1012799
1012570
7732081
5400181
1012989
5200290
4432131
1012969
5200311
7722021
7722131
2200351
5200301
1011652
1012941
1011731
1011751
5400170
2200270
1100910
2500100
1012781
4400910
1000901
1012821
7712030
2400140
7700910
1011531
1011571
2400110
5500100
2300110
4432030
4412030
4432200
4432210
4432100
5200280
5200270
5300120
7732150
5100120
7732090
2100120
7722310
5400160
7722250
5200291
4432221
4422181
7722151
1011792
1012579
2200241
4422150
1122129
7722160
1012601
5200260
2200220
4400911
2500101
5200271
4432211
5200281
7700911
7722251
5400161
7722311
5300121
5400171
7732151
4432101
4432201
7732091
5500101
4432031
2400111
1012949
1011732
2300111
2200271
1012829
1000909
1100911
2400141
2200180
4422140
7722230
1011771
4422120
1012931
5200250
4422151
1012831
1122128
5200261
2200221
1012609
1132120
4432150
7732030
7722161
2400200
5400150
4432080
1122061
2200150
1122062
7722120
5200240
1012951
5200230
1012939
4422121
2200181
1011772
5200251
7722231
4422141
1012651
1132121
2400201
1011721
4432151
4432190
2200300
7732031
1012839
5200220
7722220
5400151
4432081
2200151
1012959
1122063
7722121
5200241
5200231
4432110
4432180
5200210
1012500
7732060
1011781
2400220
1122070
1012971
7722240
1132130
1012701
5400140
2200120
4432050
2300120
5300110
7722040
4432191
5200221
7722221
2200301
1012659
1011722
1012481
5200211
5200200
7722100
5200190
4432090
2200290
1122100
1012509
7732061
5300111
4432181
4432111
2400221
7722241
1122071
2200121
5400141
1012979
1132131
1012709
1011782
2300121
4432051
7722041
5200180
2200230
4422040
4422130
7722260
1122220
1012731
7732040
1012901
4432091
1122101
2400230
4432140
7722101
2200291
1122250
1012489
5400130
5200201
5200191
7722060
1122110
4422111
1012751
4422110
5200170
4422112
4422113
2200100
4422131
1012771
2200231
4432040
1112020
1012841
7712020
1132040
2100110
2400210
4412010
1122221
7732070
5100110
4422041
5400120
7722261
5200181
1012541
1012739
1012909
4432141
7722050
7722059
2200360
4422100
1012511
7732041
2400231
5200160
1122251
5400131
1122120
1122111
5200171
7722061
2200101
4422114
1012759
7722090
1012849
2200170
2300100
1012549
2400211
4432060
5300100
7722051
7722058
4432041
5200161
1012861
7722110
4422101
2200361
1132030
1122121
1132041
5400121
7732071
5400110
1011801
1122230
7732120
2400190
1122231
4432170
1012921
4422060
1012490
5200150
1012519
4422074
4422073
1012681
5200140
1122080
4422072
1122089
2200190
4422071
4422070
7722080
1012531
7722290
1122090
4422090
2200130
5200130
4432020
7732050
1012881
5200120
1132020
2400160
1012999
1122020
5200110
1012641
7722270
2200250
4422080
1132050
7732020
2400120
4432010
1012801
5400100
7712010
4412020
1112010
1012761
2100100
5100100
1012441
1012431
1012421
4422011
5200100
4400900
1100900
7722070
4422012
1122040
1122030
4432120
7722019
7722013
7722012
7722011
7700900
1000900
1012721
1012450
4422030
2200110
4422013
9900210
9900240
51340
508
522
523
524
525
526
527
528
529
530
521
520
519
509
510
511
512
513
514
515
516
517
518
531
532
546
547
548
549
550
551
552
553
554
555
545
544
543
533
534
535
536
537
538
539
540
541
542
556
419
432
433
434
435
436
437
438
439
440
441
431
430
420
421
422
423
424
425
426
427
428
429
442
443
444
457
458
459
460
501
502
503
504
505
506
456
455
445
446
447
448
449
450
451
452
453
454
507
557
50711
51071
51099
51147
51188
51189
51190
51191
51192
51221
51400
51055
51015
50717
50780
50781
50808
50844
50859
50960
50961
50999
51014
51401
51402
51403
600001
600002
600003
600004
600005
600006
600007
600008
600009
600010
600000
70001
51404
51405
51442
51443
51444
51445
51446
51447
51542
51543
900205
558
50086
50167
50197
50201
50226
50260
50261
50262
50263
50264
50085
50084
559
560
50000
50005
50006
50009
50079
50080
50082
50083
50274
50305
50315
50473
50475
50494
50520
50663
50673
50675
50695
50696
50697
50472
50471
50320
50324
50325
50330
50339
50340
50353
50368
50441
50470
50698
151
204
205
206
207
208
209
210
211
212
213
203
202
152
153
154
155
156
157
158
159
160
201
214
215
216
229
230
231
232
233
234
235
236
237
238
228
227
217
218
219
220
221
222
223
224
225
226
239
150
101
114
115
116
117
118
119
120
121
122
123
113
112
102
103
104
105
106
107
108
109
110
111
124
125
126
139
140
141
142
143
144
145
146
147
148
138
137
127
128
129
130
131
132
133
134
135
136
149
330
343
344
345
346
347
348
349
350
351
352
342
341
331
332
333
334
335
336
337
338
339
340
353
354
355
408
409
410
411
412
413
414
415
416
417
407
406
356
357
358
359
360
401
402
403
404
405
418
329
240
253
254
255
256
257
258
259
260
301
302
252
251
241
242
243
244
245
246
247
248
249
250
303
304
305
318
319
320
321
322
323
324
325
326
327
317
316
306
307
308
309
310
311
312
313
314
315
328
9001
9910122
9910129
9910128
9910127
9910126
9910125
9910124
9910123
9910130
9910131
9910132
9910133
9910134
9910135
9910136
9910137
9910138
9910121
9910120
9910119
9910103
9910104
9910105
9910106
9910107
9910108
9910109
9910110
9910111
9910112
9910113
9910114
9910115
9910116
9910117
9910118
9910139
993094
9910155
9910156
9910157
9910158
9910159
9910160
9910161
9910162
9910163
993093
993095
9910154
9910153
9910152
9910141
9910142
9910140
9910143
9910144
9910145
9910146
9910147
9910148
9910149
9910151
9910150
97435
97431
97432
97433
97434
97430
97429
97428
97427
97426
97425
97424
97423
97422
97421
97436
97437
97438
97453
97452
97451
97450
97449
97448
97447
97446
97445
97444
97443
97442
97441
97440
97439
97454
97420
97419
97395
97394
97393
97392
97391
97379
97380
97381
97382
97383
97384
97385
97386
97387
97389
97396
97397
97398
97418
97417
97416
97415
97414
97413
97412
97407
97406
97405
97404
97403
97402
97401
97400
97390
97455
10000163
97556
97555
97554
97526
97525
97524
97523
97522
97521
97520
97519
97518
97517
97516
97515
993096
993097
993098
10000162
9999026
9999025
9999020
9999019
9999018
9999017
9999016
9921007
97506
9900163
9900162
9900161
9900160
993099
97514
97513
97471
97470
97469
97468
97467
97466
97465
97464
97463
97462
97461
97460
97459
97458
97457
97472
97473
97474
97512
97511
97510
97509
97508
97507
97505
97504
97503
97502
97501
97500
97477
97476
97475
97456
97161
97176
97177
97178
97179
97180
97181
97182
97183
97184
97185
97175
97174
97173
97162
97163
97164
97165
97166
97167
97168
97169
97170
97172
97186
97187
97209
97211
97212
97215
97216
97217
97218
97219
97220
97221
97204
97202
97201
97188
97189
97190
97191
97192
97193
97194
97197
97199
97200
97222
97160
9000
9026
9027
9028
11000
50064
50169
50284
50572
50688
50848
9025
9024
9023
9002
9003
9004
9005
9006
9007
9008
9020
9021
9022
50854
51354
97146
97148
97149
97150
97151
97152
97153
97154
97155
97156
97143
97142
97141
51416
97129
97130
97131
97135
97136
97137
97138
97139
97140
97159
97314
97331
97332
97333
97334
97335
97336
97337
97339
97340
97341
97330
97329
97328
97315
97317
97318
97321
97322
97323
97324
97325
97326
97327
97343
97344
97361
97362
97370
97371
97372
97373
97374
97375
97376
97377
97360
97359
97358
97345
97346
97347
97348
97349
97350
97351
97353
97354
97355
97378
97311
97223
97264
97266
97267
97268
97269
97270
97273
97274
97275
97276
97254
97252
97251
97224
97225
97226
97229
97230
97237
97241
97243
97244
97250
97277
97278
97300
97301
97302
97303
97304
97305
97306
97307
97308
97309
97298
97297
97296
97280
97283
97285
105006
145006
145007
175009
115006
175008
145005
175007
174034
115008
104030
135009
114031
164010
114030
105007
105008
174033
144033
215006
215007
104031
215008
144032
134050
214049
214048
214047
135007
135008
115007
134051
134052
104032
144034
114032
174035
134048
105009
134047
145004
124030
114029
115009
134049
114028
104028
175006
214045
104029
214046
214044
174032
135006
184017
144031
174031
144030
215009
144028
164009
143050
142100
174028
114033
144029
112110
174030
174029
113057
173057
133091
104034
102110
212159
214051
213091
132159
214050
214052
114034
172110
114035
134046
134045
134044
104033
103057
104035
175005
153020
142098
142099
102109
102108
183034
215005
112108
213090
132157
165002
135005
133090
172109
123063
105005
212157
115005
132158
172108
112109
212158
132156
184016
102107
214043
172107
112107
154009
212156
124029
142097
134043
172105
103056
102106
142095
102105
172106
133089
173056
213089
132154
132155
212155
212154
112105
112106
113056
142096
143049
212153
112104
102104
132153
172104
142094
172102
101012
212152
102103
212151
133088
172103
171012
105004
103055
104027
132151
213088
163020
214042
215004
131017
102102
132152
211017
174027
112103
113055
114027
175004
142092
142093
112102
141012
144027
165001
111012
115004
134042
173055
135004
153019
142091
102101
132150
183032
112101
213087
172101
133087
212150
123062
172100
112100
112099
132148
102099
102100
212148
172099
132149
142089
212149
142090
172098
184015
113054
173054
112098
124028
214041
213086
212147
103054
102098
142088
154008
143048
132147
134041
133086
910010
102022
910278
910004
112096
910238
112097
132145
212146
142086
142087
172096
910208
910007
910001
172097
212145
132146
910248
102097
910005
910011
112022
910012
910228
910218
910258
113007
910268
102096
103007
910006
910249
142085
102095
114026
114001
133085
213085
212144
143047
214040
113053
104001
173053
102021
174026
144026
172095
103053
112095
112021
104026
132144
134040
112020
142083
172093
212143
183033
113006
163021
172094
142084
133084
112094
112093
123061
102020
132142
102094
132143
213084
212142
103006
102093
102092
184014
134039
154007
102019
112092
112019
214039
132141
212141
142082
124027
172092
212139
142081
102090
133083
103052
172091
172090
142080
103005
102091
113052
112018
212140
102018
113005
213083
173052
143046
132140
132139
112091
112090
142079
111005
112017
112089
212138
172089
101005
102017
102089
132138
171011
112088
133082
111011
134037
213082
123060
214037
214038
102088
104025
112016
104024
132137
131016
134038
174024
163019
141011
174025
183031
142078
211016
114025
144025
144024
172088
102016
101011
114024
212137
103004
102015
113004
112015
102087
142077
132136
112014
172087
102014
212136
112087
213081
133081
183030
112013
153018
123059
102013
102012
102086
132135
142076
172086
112012
212135
112086
112011
103003
113003
102011
105001
113051
122094
182049
103051
212134
143045
132134
173051
162034
213080
133080
173050
133079
103050
143044
213079
112010
102010
113050
212133
182048
162033
122093
132133
102009
112009
101004
111004
112085
212132
101010
172085
211015
171010
131015
141010
142075
111010
132132
102085
113002
103002
112008
102008
113049
143043
213078
103049
173049
133078
112007
102007
102084
172084
132131
212131
112084
142074
113001
112006
102006
103001
113048
143042
103048
213077
173048
133077
102005
112005
122092
162032
182047
212130
132130
111003
112004
101003
102004
162031
212129
182046
211014
131014
141009
101009
122091
171009
111009
132129
102003
112003
132128
102083
112083
212128
172083
142073
112002
102002
101002
111002
910287
910284
910283
910285
910286
910281
142072
132127
212127
102001
112082
112001
172082
102082
920101
920401
141008
131013
101008
211013
171008
920201
111008
4027
211001
171001
131001
101001
141001
111001